-1.548142399999999919e+00
1.699358199999999874e-01
6.829750500000000279e-01
-4.964200599999999963e-01
8.707555999999999630e-01
4.917705700000000180e-01
1.239371999999999918e+00
4.238788199999999895e-01
9.399866999999999528e-01
-1.005885400000000041e-01
4.405960700000000063e-01
1.172535799999999906e+00
-2.169686000000000003e+00
1.592673500000000020e-01
2.666863199999999767e-01
-1.471039099999999974e-02
-9.891482000000000052e-02
-2.011945700000000059e+00
-3.466714099999999910e+00
1.290550000000000086e+00
6.893142500000000172e-01
6.196899999999999631e-01
-3.033932699999999816e+00
-1.268770600000000082e+00
-2.175664199999999937e+00
-2.771717000000000208e+00
1.042571700000000101e+00
-6.475387000000000226e-01
-7.340387000000000439e-01
-4.499307000000000167e-01
3.404855700000000152e+00
-9.940269000000000466e-01
-3.178175400000000095e-01
1.327967799999999921e+00
-3.704360400000000220e-01
8.518134400000000328e-01
2.275348399999999938e+00
1.846703500000000053e+00
-2.421385299999999852e+00
2.697153400000000256e-01
-9.466118999999999506e-01
-6.002971999999999753e-01
-1.416763199999999889e+00
-2.783887099999999837e+00
-1.104515600000000042e+00
-1.461960499999999941e-01
-1.223394799999999893e+00
3.038202999999999876e-01
-4.371229699999999996e-01
1.269939699999999894e+00
-2.141659000000000201e+00
1.909154900000000099e+00
1.755171500000000107e+00
5.233339999999999659e-01
-5.653606399999999699e-02
8.682218999999999909e-01
-1.922010400000000008e+00
-2.212129800000000035e+00
3.130898200000000187e-01
-8.356376999999999555e-02
1.008045800000000103e+00
1.402463900000000097e+00
6.430228000000000055e-01
-6.777168999999999555e-01
-1.752963899999999908e+00
2.563200000000000145e+00
-2.783323300000000167e+00
2.243010500000000018e+00
-1.899424299999999954e+00
-2.233725000000000183e+00
-5.566907500000000120e-01
-6.508519999999999861e-01
-1.678878499999999940e+00
-1.544028299999999909e+00
-1.502633200000000002e+00
4.316191400000000122e-01
-3.041528000000000009e-01
1.964625400000000077e+00
8.580280999999999603e-01
1.284505999999999926e+00
8.029229599999999634e-01
1.242301199999999994e+00
1.095959700000000092e+00
1.344846399999999997e+00
1.715748899999999910e+00
-2.162337799999999977e+00
-1.213537300000000041e+00
7.114877699999999638e-01
-5.853758800000000151e-02
1.850853099999999918e+00
-1.710851099999999958e+00
-6.187326300000000057e-01
4.742492999999999848e-01
2.040621300000000193e+00
2.479846800000000129e-01
1.194368499999999972e-01
3.071546000000000110e+00
1.347781700000000082e+00
-2.269730299999999978e+00
1.844073800000000096e+00
2.389514000000000138e+00
-1.346679100000000018e+00
-5.764361999999999542e-01
-7.391013999999999917e-02
2.452401899999999912e+00
1.895256000000000052e+00
1.590334499999999984e+00
3.057633699999999857e-02
-1.947396799999999928e+00
2.681565299999999930e+00
-2.281417799999999829e+00
-1.262844800000000101e+00
-1.162194299999999902e+00
4.677324299999999768e-01
6.897033000000000191e-01
2.237678299999999787e+00
1.222214099999999970e+00
1.652835700000000019e+00
-2.068104299999999895e+00
-5.200280499999999639e-01
-1.179940100000000047e+00
-6.581723000000000434e-01
-9.877192000000000194e-01
-4.529729200000000011e-01
-1.302125699999999942e+00
5.059370399999999490e-01
-2.067910200000000032e+00
-1.755313499999999971e+00
-3.289585999999999899e-01
-6.124019000000000545e-01
4.335422999999999916e-01
-6.485876400000000208e-01
2.023356199999999827e+00
1.539902399999999894e+00
-1.668325400000000014e-01
-5.854924999999999713e-01
-1.079726200000000080e+00
1.411348800000000070e+00
9.804799600000000392e-01
-6.893652700000000300e-01
1.700049499999999991e+00
1.728754899999999983e+00
2.660760600000000142e+00
-1.364315500000000014e+00
-2.776110999999999995e-01
2.188057699999999883e+00
-9.198608999999999813e-01
-1.923191000000000095e+00
1.236592799999999964e-01
-1.497605599999999981e+00
-2.220608299999999868e-01
-5.957724999999999826e-02
3.026956000000000202e+00
1.363310999999999940e+00
-3.644921799999999990e-01
-2.739076400000000078e+00
2.032096999999999820e+00
2.994069500000000050e-01
-2.092899800000000088e+00
-6.701920999999999573e-01
-1.835045100000000096e+00
-3.021117999999999970e+00
-1.827331000000000039e+00
-6.749702699999999833e-01
3.348207200000000161e-01
-3.731531499999999890e-01
-3.179733000000000143e+00
3.050601499999999744e-01
2.954352399999999879e+00
-3.364255700000000182e+00
-6.150512700000000388e-01
-5.678457000000000088e-01
1.616588799999999937e+00
-5.580662499999999859e-01
3.205794000000000143e-01
1.355797799999999942e+00
-3.953621700000000128e-01
-1.206463700000000028e+00
1.630743899999999913e+00
2.095089699999999944e+00
3.305869299999999900e+00
-7.121801399999999616e-01
-4.746569999999999956e-01
1.693062800000000090e+00
1.466509000000000063e+00
1.112031200000000108e+00
1.447662999999999922e+00
1.473672099999999985e-01
-9.797405999999999615e-01
-8.432962000000000513e-01
2.406112099999999920e-01
3.737916399999999806e-01
-7.280889000000000388e-01
-1.105374999999999996e+00
-1.639608900000000036e+00
-1.512372400000000061e+00
-3.565475599999999856e-01
1.024066200000000038e+00
-8.410712500000000480e-01
4.116758300000000065e-02
-2.031772599999999984e-01
-4.633591799999999816e-01
1.224311099999999985e+00
5.542056299999999908e-02
1.328871600000000042e+00
7.148851999999999984e-01
-2.184238699999999866e+00
2.734581499999999998e+00
2.296127799999999830e+00
-9.689444999999999864e-01
1.422932899999999945e+00
5.692759499999999750e-02
-8.359305000000000208e-01
2.311249699999999851e+00
2.135637000000000008e+00
8.714813599999999827e-01
-9.256478000000000206e-01
1.355972400000000078e-01
2.442959199999999997e-01
1.781898100000000040e-01
2.480553699999999973e-01
1.112240300000000015e-01
-1.100743800000000050e+00
5.736655000000000504e-01
-2.267706200000000116e+00
4.661313000000000262e-01
-9.099256000000000011e-01
4.604657300000000175e-01
2.066958700000000038e-01
-4.566400999999999932e-01
-1.589203399999999933e+00
-4.691196000000000255e-01
-8.849725999999999981e-01
5.473078500000000401e-01
8.116254999999999997e-01
1.100059200000000015e+00
9.497506999999999477e-02
-2.829137799999999814e+00
-4.001650999999999958e-01
4.313465599999999789e+00
-8.192043300000000361e-01
1.684302699999999930e+00
2.004109999999999836e+00
-5.953467500000000356e-01
-1.288254500000000080e+00
5.882954599999999923e-01
2.624349000000000043e+00
-1.500226400000000071e+00
-2.318983999999999934e+00
-1.761142300000000105e-01
-8.637752499999999944e-01
4.378216700000000294e+00
1.811838600000000021e-01
-2.802947500000000147e+00
-2.034687799999999935e+00
-3.028959299999999910e+00
6.893945299999999499e-01
-1.038194399999999989e-01
1.322657799999999995e+00
-6.889979000000000520e-01
1.449663499999999994e+00
-2.375198399999999932e+00
7.764572499999999877e-01
-1.827992199999999956e+00
1.161371199999999965e-01
9.625625000000000153e-02
2.898250199999999888e-01
-2.720597799999999872e-02
1.512381900000000057e+00
-1.595626400000000000e+00
6.454442999999999708e-01
-2.377417599999999798e+00
1.791192399999999907e+00
-6.026572000000000040e-01
-2.236709600000000187e+00
-3.483306199999999797e-01
-3.638252000000000153e-01
-1.357115599999999977e+00
-1.477780600000000000e+00
2.824405699999999797e+00
-2.759808299999999992e+00
-2.090704699999999860e+00
-1.586643199999999976e-01
-1.389652200000000004e-01
-1.440803499999999904e+00
1.325123300000000004e+00
-9.436835000000000362e-02
-1.048538799999999993e+00
-1.791224099999999986e+00
1.023925200000000091e+00
-7.646448599999999818e-01
1.289278099999999982e+00
2.157998000000000083e+00
2.562779800000000163e-01
1.340655900000000011e+00
5.920855999999999897e-01
-1.452856799999999948e+00
1.479233500000000090e+00
-2.798146300000000086e-01
1.578806000000000098e-01
